class Board
    constructor: ->
        @defaultBoard = [[5,0,8,0,4,1,6,0,0],
                         [0,6,0,8,0,9,0,0,0],
                         [1,0,0,6,0,0,5,4,0],
                         [9,0,0,1,6,0,7,0,0],
                         [0,0,0,5,7,2,0,0,0],
                         [0,0,5,0,3,4,0,0,6],
                         [0,1,4,0,0,5,0,0,2],
                         [0,0,0,2,0,6,0,5,0],
                         [0,0,6,4,8,0,3,0,9]]
        @data = ((0 for col in [0..8]) for row in [0..8])
        @data = defaultBoard
        console.log @data
